Execution time graph reading: 0.0245452 seconds
Total nodes weight: 2740
Total edges weight: 5578

Execution time partitioning: 44.6078 seconds

Partition 1: 1 1 1 0 1 0 0 1 0 1 0 1 1 0 1 1 1 1 0 1 0 0 1 0 0 0 0 1 1 1 0 0 1 0 0 1 1 0 1 0 1 0 1 1 0 1 0 0 0 0 1 0 0 1 1 0 0 1 0 0 0 1 0 1 1 0 1 1 1 1 1 0 0 0 0 0 1 1 0 1 1 1 1 1 1 1 0 0 1 0 1 0 0 1 1 0 0 1 1 0 1 0 0 0 0 1 0 0 0 0 1 0 0 1 0 1 0 0 0 0 1 1 1 1 0 1 0 0 1 1 1 0 1 1 0 0 1 1 1 0 0 1 0 1 1 1 0 0 0 1 0 1 1 0 1 0 1 0 0 1 0 1 1 0 1 1 0 0 0 0 0 1 1 1 0 0 1 1 0 1 1 1 1 1 1 1 0 1 1 0 1 1 0 0 1 0 0 0 0 1 0 0 0 0 1 1 0 0 1 1 0 1 1 0 0 1 0 1 0 0 0 0 1 1 0 1 1 1 0 1 1 0 1 1 0 0 0 1 0 0 1 0 0 1 1 1 0 1 0 0 0 1 0 0 1 1 1 0 1 0 1 1 0 1 0 1 1 1 1 1 1 0 0 0 0 0 1 1 0 0 0 0 0 1 0 0 0 0 1 1 0 1 0 1 0 1 1 1 0 1 1 0 0 0 1 1 0 1 1 1 0 1 1 0 0 1 1 1 1 1 1 0 0 0 1 1 0 0 0 0 0 0 1 0 0 0 1 0 0 0 1 0 0 1 1 1 0 1 1 1 1 0 0 1 0 0 0 0 1 0 1 0 0 1 0 0 0 1 1 1 0 1 1 0 0 0 0 1 1 0 0 1 1 0 0 1 0 1 0 1 1 1 0 1 1 1 0 0 1 0 0 0 1 1 0 0 1 1 0 1 0 0 0 0 1 1 0 1 0 1 0 0 1 0 0 1 0 0 0 1 1 1 1 1 0 1 1 0 1 0 0 1 1 0 1 1 1 0 1 1 0 0 0 0 0 0 1 1 1 0 0 1 1 1 1 0 1 1 1 0 1 1 1 1 0 1 0 1 0 0 1 0 1 0 1 1 0 1 1 1 0 0 0 1 0 1 0 1 0 0 
Balance Factor: 0.920112 | Cut Size: 4593

Average Balance Factor: 0.920112
Average Cut Size: 4593
Cut Size Between Partitions: 0
CPU time used: 44 seconds 246933 microseconds
Memory usage: 58425344 kilobytes | 57056 MBs | 55.7188 GBs
CPU percentage: 99.0712%
