Execution time graph reading: 0.0237465 seconds
Total edges weight: 5578

Execution time partitioning: 43.5113 seconds

Partition 1: 0 0 1 1 1 1 0 1 0 1 0 0 1 1 1 1 1 1 0 1 0 1 0 0 0 0 0 0 1 1 0 0 1 0 0 1 1 1 0 0 1 1 0 1 1 1 0 0 1 0 1 1 1 1 1 0 1 1 0 1 0 1 1 0 1 0 1 0 0 1 1 0 0 0 0 0 1 1 0 1 1 1 1 1 1 1 0 1 1 0 1 1 0 1 1 0 1 0 0 0 1 0 1 0 0 0 0 0 1 1 1 1 1 1 1 1 1 0 0 0 0 1 1 1 0 1 0 1 1 1 1 0 0 1 0 0 0 1 0 0 1 1 0 1 0 1 1 0 0 1 0 1 0 0 1 0 1 0 0 1 0 0 1 0 1 1 0 0 1 0 0 1 1 0 0 0 1 1 0 1 1 1 0 1 1 1 0 1 1 1 1 1 1 0 1 0 0 0 0 0 0 0 1 1 1 0 1 0 0 1 0 1 0 0 1 1 0 1 0 0 0 1 1 0 1 1 1 0 0 1 1 0 1 0 0 0 1 1 1 0 1 0 0 1 0 0 0 1 1 0 1 1 0 0 1 1 1 1 0 0 0 1 0 0 0 1 0 0 0 1 1 0 0 0 1 0 0 0 1 0 0 1 0 0 1 0 1 0 0 1 0 1 0 1 1 0 1 1 0 0 1 0 1 0 1 1 1 0 1 1 0 0 0 1 0 1 1 1 0 1 1 1 1 0 1 1 0 0 0 1 0 0 1 1 0 0 0 0 1 0 0 1 0 1 1 0 0 0 0 1 1 0 1 1 0 1 0 0 1 0 1 0 0 1 0 0 0 1 1 1 1 0 0 0 1 1 0 1 1 1 1 0 0 0 0 1 0 1 0 1 1 1 0 1 1 1 1 0 1 0 0 0 0 1 0 0 0 0 0 1 0 0 0 0 1 1 0 1 0 1 1 0 1 0 0 1 0 0 0 1 0 1 1 0 0 1 0 1 1 0 0 0 0 1 1 0 1 1 1 1 0 0 1 1 0 0 1 1 1 0 0 1 1 0 1 0 1 1 0 0 1 1 1 0 0 1 0 1 1 0 1 1 0 0 1 0 0 1 1 0 0 0 0 0 1 1 0 0 1 0 
Balance Factor: 0.991279 | Cut Size: 4488

Average Balance Factor: 0.991279
Average Cut Size: 4488
Cut Size Between Partitions: 0
CPU time used: 43 seconds 474125 microseconds
Memory usage: 57163776 kilobytes | 55824 MBs | 54.5156 GBs
CPU percentage: 99.7949%
