Execution time graph reading: 0.024173 seconds
Total nodes weight: 2740
Total edges weight: 5578

Execution time partitioning: 0.639662 seconds

Partition 1: 1 0 0 1 1 1 1 0 0 1 0 0 0 0 1 0 1 0 0 0 0 1 1 0 1 0 0 0 0 0 0 0 0 1 1 1 1 1 1 1 1 1 0 1 1 1 0 0 0 0 1 0 0 0 1 1 0 1 1 1 0 1 1 0 0 1 0 1 1 0 1 1 0 0 1 1 1 1 0 1 1 0 1 1 1 1 1 0 0 1 0 0 1 1 1 1 0 1 1 0 0 0 1 1 1 1 1 1 0 0 0 1 1 1 0 0 0 0 0 1 0 1 0 0 1 0 1 0 0 1 0 1 0 0 1 1 1 1 1 0 0 1 0 1 1 0 1 1 1 0 0 1 0 0 1 1 1 1 1 1 1 0 0 0 1 0 1 0 0 0 0 1 1 1 0 0 1 1 1 0 0 0 1 0 0 1 0 0 1 1 1 0 1 1 0 1 0 0 1 0 1 1 0 0 0 1 0 0 1 1 1 1 1 1 0 0 1 0 0 0 0 1 1 0 1 1 0 0 0 0 0 1 0 0 0 1 1 1 1 1 0 1 1 1 1 1 0 0 1 1 0 0 1 0 0 1 1 0 1 0 0 1 1 1 0 1 0 1 0 0 1 1 0 1 0 0 1 0 1 1 0 0 1 0 1 0 0 0 1 0 1 1 0 1 1 1 0 1 1 0 1 1 1 0 1 1 0 1 0 1 1 1 0 1 1 1 1 0 0 0 1 0 1 0 1 0 1 1 1 0 0 1 0 1 1 0 1 0 1 0 0 0 1 1 0 0 0 0 0 1 1 1 1 0 1 1 1 1 1 1 1 1 0 1 1 1 1 0 1 0 0 0 0 0 1 1 0 0 0 0 1 0 0 1 1 0 0 0 0 0 1 0 1 1 1 0 0 1 1 0 0 0 0 1 0 1 0 0 0 0 1 1 1 0 1 0 1 0 1 0 0 1 1 0 1 0 0 1 1 1 0 1 0 1 0 0 1 0 0 0 0 0 0 1 0 0 0 1 0 1 1 1 0 1 0 1 0 1 0 1 1 0 0 1 1 0 1 0 1 0 1 0 0 0 1 1 0 0 0 0 0 1 0 0 0 0 1 1 1 0 0 0 1 0 1 0 0 0 0 0 
Balance Factor: 0.921459 | Cut Size: 2719

Partition 2: 0 1 1 0 0 0 0 1 1 0 1 1 1 1 0 1 0 1 1 1 1 0 0 1 0 1 1 1 1 1 1 1 1 0 0 0 0 0 0 0 0 0 1 0 0 0 1 1 1 1 0 1 1 1 0 0 1 0 0 0 1 0 0 1 1 0 1 0 0 1 0 0 1 1 0 0 0 0 1 0 0 1 0 0 0 0 0 1 1 0 1 1 0 0 0 0 1 0 0 1 1 1 0 0 0 0 0 0 1 1 1 0 0 0 1 1 1 1 1 0 1 0 1 1 0 1 0 1 1 0 1 0 1 1 0 0 0 0 0 1 1 0 1 0 0 1 0 0 0 1 1 0 1 1 0 0 0 0 0 0 0 1 1 1 0 1 0 1 1 1 1 0 0 0 1 1 0 0 0 1 1 1 0 1 1 0 1 1 0 0 0 1 0 0 1 0 1 1 0 1 0 0 1 1 1 0 1 1 0 0 0 0 0 0 1 1 0 1 1 1 1 0 0 1 0 0 1 1 1 1 1 0 1 1 1 0 0 0 0 0 1 0 0 0 0 0 1 1 0 0 1 1 0 1 1 0 0 1 0 1 1 0 0 0 1 0 1 0 1 1 0 0 1 0 1 1 0 1 0 0 1 1 0 1 0 1 1 1 0 1 0 0 1 0 0 0 1 0 0 1 0 0 0 1 0 0 1 0 1 0 0 0 1 0 0 0 0 1 1 1 0 1 0 1 0 1 0 0 0 1 1 0 1 0 0 1 0 1 0 1 1 1 0 0 1 1 1 1 1 0 0 0 0 1 0 0 0 0 0 0 0 0 1 0 0 0 0 1 0 1 1 1 1 1 0 0 1 1 1 1 0 1 1 0 0 1 1 1 1 1 0 1 0 0 0 1 1 0 0 1 1 1 1 0 1 0 1 1 1 1 0 0 0 1 0 1 0 1 0 1 1 0 0 1 0 1 1 0 0 0 1 0 1 0 1 1 0 1 1 1 1 1 1 0 1 1 1 0 1 0 0 0 1 0 1 0 1 0 1 0 0 1 1 0 0 1 0 1 0 1 0 1 1 1 0 0 1 1 1 1 1 0 1 1 1 1 0 0 0 1 1 1 0 1 0 1 1 1 1 1 
Balance Factor: 0.921459 | Cut Size: 2719

Average Balance Factor: 0.921459
Average Cut Size: 2719
Cut Size Between Partitions: 0
CPU time used: 0 seconds 692087 microseconds
Memory usage: 98926592 kilobytes | 96608 MBs | 94.3438 GBs
CPU percentage: 99.9312%
