Execution time graph reading: 0.0243981 seconds
Total edges weight: 5578

Execution time partitioning: 0.650628 seconds

Partition 1: 0 1 1 0 0 0 0 1 1 0 1 1 1 1 0 1 0 1 1 1 1 0 0 1 0 1 1 1 1 1 1 1 1 0 0 0 0 0 0 0 0 0 1 0 0 0 1 1 1 1 0 1 1 1 0 0 1 0 0 0 1 0 0 1 1 0 1 0 0 1 0 0 1 1 0 0 0 0 1 0 0 1 0 0 0 0 0 1 1 0 1 1 0 0 0 0 1 0 0 1 1 1 0 0 0 0 0 0 1 1 1 0 0 0 1 1 1 1 1 0 1 0 1 1 1 1 0 1 1 0 1 0 1 1 0 0 0 0 0 1 1 0 1 0 0 1 0 0 0 1 1 0 1 1 0 0 0 0 0 0 0 1 1 1 0 1 0 1 1 1 1 0 0 0 1 1 0 0 0 1 1 1 0 1 1 0 1 1 0 0 0 1 0 0 1 0 1 1 0 1 0 0 1 1 1 0 1 1 0 0 0 0 0 0 1 1 0 1 1 1 1 0 0 1 0 0 1 1 1 1 1 0 1 1 1 0 0 0 0 0 1 0 0 0 0 0 1 1 0 0 1 1 0 1 1 0 0 1 0 1 1 0 0 0 1 0 1 0 1 1 0 0 1 0 1 1 0 1 0 0 1 1 0 1 0 1 1 1 0 1 0 0 1 0 0 0 1 0 0 1 0 0 0 1 0 0 1 0 1 0 0 0 1 0 0 0 0 1 1 1 0 1 0 1 0 1 0 0 0 1 1 0 1 0 0 1 0 1 0 1 1 1 0 0 1 1 1 1 1 0 0 0 0 1 0 0 0 0 0 0 0 0 1 0 0 0 0 1 0 1 1 1 1 1 0 0 1 1 1 1 0 1 1 0 0 1 1 1 1 1 0 1 0 0 0 1 1 0 0 1 1 1 1 0 1 0 1 1 1 1 0 0 0 1 0 1 0 1 0 1 1 0 0 1 0 1 1 0 0 0 1 0 1 0 1 1 0 1 1 1 1 1 1 0 1 1 1 0 1 0 0 0 1 0 1 0 1 0 1 0 0 1 1 0 0 1 0 1 0 1 0 1 1 1 0 0 1 1 1 1 1 0 1 1 1 1 0 0 0 1 1 1 0 1 0 1 1 1 1 1 
Balance Factor: 0.929577 | Cut Size: 2718

Average Balance Factor: 0.929577
Average Cut Size: 2718
Cut Size Between Partitions: 0
CPU time used: 0 seconds 691904 microseconds
Memory usage: 88522752 kilobytes | 86448 MBs | 84.4219 GBs
CPU percentage: 98.1567%
