Execution time graph reading: 0.0246963 seconds
Total nodes weight: 2740
Total edges weight: 5578

Execution time partitioning: 38.49 seconds

Partition 1: 1 1 0 0 0 0 1 0 1 0 1 1 0 0 0 0 0 0 1 0 1 0 0 1 1 1 1 1 0 0 1 1 1 1 1 1 0 0 1 1 0 0 1 0 0 0 1 1 0 0 0 0 0 0 0 1 0 0 1 0 1 0 0 1 0 1 0 1 1 0 0 1 1 1 1 1 1 1 1 0 0 0 0 0 0 0 1 0 0 1 0 0 0 0 0 1 0 1 1 1 0 1 0 0 0 1 1 1 1 0 0 0 1 0 0 1 0 1 1 1 1 0 1 1 1 0 1 0 1 0 0 1 1 0 1 1 1 0 1 1 0 0 1 1 1 0 0 1 1 0 1 0 1 1 0 1 0 1 1 0 1 1 0 1 0 0 1 1 1 1 1 0 0 1 1 1 0 0 0 0 0 0 1 0 0 0 1 0 0 0 0 0 0 1 0 1 1 1 1 1 1 1 1 1 0 1 0 1 1 0 0 1 0 1 0 1 1 0 1 1 0 0 0 0 1 0 1 1 1 0 1 1 0 1 1 1 0 0 0 1 0 1 1 0 0 1 1 0 1 0 0 0 1 1 0 0 0 0 1 1 1 1 0 1 1 0 1 1 1 1 0 1 1 1 0 1 1 1 0 1 1 0 1 0 0 1 1 0 1 0 1 0 1 0 0 1 0 1 1 0 0 1 0 0 0 0 0 1 0 0 1 1 1 0 1 0 0 0 1 0 0 1 0 1 1 0 1 1 0 1 1 1 0 0 1 0 1 1 1 0 1 0 1 0 0 0 1 1 1 0 0 0 0 0 1 0 1 1 0 1 0 1 1 0 1 1 1 0 0 0 1 0 1 1 1 0 1 0 0 0 0 1 1 1 1 0 1 0 1 0 0 0 1 1 0 0 0 1 0 1 0 1 0 0 1 1 1 1 1 0 1 1 0 0 0 0 1 0 1 0 0 1 0 1 0 1 1 1 1 0 0 0 0 1 1 0 1 0 0 1 1 1 1 0 0 0 0 0 0 0 1 0 0 0 1 1 0 0 0 1 1 0 0 1 1 1 1 0 1 1 0 0 0 1 1 0 1 0 0 1 1 0 0 1 0 1 1 0 0 0 0 1 1 1 0 1 1 0 0 0 
Balance Factor: 0.988389 | Cut Size: 4472

Partition 2: 0 0 1 1 1 1 0 1 0 1 0 0 1 1 1 1 1 1 0 1 0 1 1 0 0 0 0 0 1 1 0 0 0 0 0 0 1 1 0 0 1 1 0 1 1 1 0 0 1 1 1 1 1 1 1 0 1 1 0 1 0 1 1 0 1 0 1 0 0 1 1 0 0 0 0 0 0 0 0 1 1 1 1 1 1 1 0 1 1 0 1 1 1 1 1 0 1 0 0 0 1 0 1 1 1 0 0 0 0 1 1 1 0 1 1 0 1 0 0 0 0 1 0 0 0 1 0 1 0 1 1 0 0 1 0 0 0 1 0 0 1 1 0 0 0 1 1 0 0 1 0 1 0 0 1 0 1 0 0 1 0 0 1 0 1 1 0 0 0 0 0 1 1 0 0 0 1 1 1 1 1 1 0 1 1 1 0 1 1 1 1 1 1 0 1 0 0 0 0 0 0 0 0 0 1 0 1 0 0 1 1 0 1 0 1 0 0 1 0 0 1 1 1 1 0 1 0 0 0 1 0 0 1 0 0 0 1 1 1 0 1 0 0 1 1 0 0 1 0 1 1 1 0 0 1 1 1 1 0 0 0 0 1 0 0 1 0 0 0 0 1 0 0 0 1 0 0 0 1 0 0 1 0 1 1 0 0 1 0 1 0 1 0 1 1 0 1 0 0 1 1 0 1 1 1 1 1 0 1 1 0 0 0 1 0 1 1 1 0 1 1 0 1 0 0 1 0 0 1 0 0 0 1 1 0 1 0 0 0 1 0 1 0 1 1 1 0 0 0 1 1 1 1 1 0 1 0 0 1 0 1 0 0 1 0 0 0 1 1 1 0 1 0 0 0 1 0 1 1 1 1 0 0 0 0 1 0 1 0 1 1 1 0 0 1 1 1 0 1 0 1 0 1 1 0 0 0 0 0 1 0 0 1 1 1 1 0 1 0 1 1 0 1 0 1 0 0 0 0 1 1 1 1 0 0 1 0 1 1 0 0 0 0 1 1 1 1 1 1 1 0 1 1 1 0 0 1 1 1 0 0 1 1 0 0 0 0 1 0 0 1 1 1 0 0 1 0 1 1 0 0 1 1 0 1 0 0 1 1 1 1 0 0 0 1 0 0 1 1 1 
Balance Factor: 0.988389 | Cut Size: 4472

Average Balance Factor: 0.988389
Average Cut Size: 4472
Cut Size Between Partitions: 0
CPU time used: 38 seconds 155110 microseconds
Memory usage: 58081280 kilobytes | 56720 MBs | 55.3906 GBs
CPU percentage: 98.9921%
