250
640
0 8
1 10
2 4
3 9
4 1
5 3
6 5
7 9
8 4
9 10
10 1
11 6
12 3
13 3
14 8
15 4
16 8
17 10
18 1
19 3
20 4
21 10
22 10
23 8
24 1
25 4
26 10
27 9
28 7
29 6
30 8
31 7
32 3
33 8
34 1
35 4
36 10
37 10
38 10
39 2
40 8
41 3
42 4
43 7
44 6
45 6
46 9
47 2
48 5
49 8
50 2
51 4
52 9
53 5
54 9
55 1
56 5
57 7
58 1
59 4
60 3
61 7
62 10
63 5
64 2
65 4
66 8
67 9
68 9
69 4
70 9
71 2
72 6
73 4
74 6
75 5
76 4
77 7
78 6
79 10
80 6
81 5
82 10
83 2
84 8
85 6
86 6
87 5
88 2
89 9
90 9
91 4
92 6
93 3
94 3
95 7
96 7
97 8
98 9
99 5
100 2
101 8
102 2
103 9
104 8
105 9
106 8
107 8
108 5
109 5
110 10
111 2
112 6
113 6
114 6
115 9
116 3
117 10
118 9
119 3
120 1
121 8
122 5
123 9
124 6
125 9
126 4
127 1
128 7
129 3
130 3
131 6
132 3
133 3
134 8
135 2
136 6
137 3
138 2
139 2
140 1
141 2
142 9
143 8
144 7
145 1
146 1
147 10
148 6
149 7
150 3
151 9
152 6
153 10
154 5
155 4
156 10
157 1
158 6
159 7
160 4
161 7
162 4
163 1
164 9
165 5
166 1
167 5
168 7
169 5
170 7
171 5
172 4
173 9
174 5
175 1
176 1
177 10
178 4
179 8
180 6
181 8
182 3
183 10
184 8
185 6
186 7
187 6
188 4
189 1
190 5
191 9
192 6
193 6
194 6
195 5
196 3
197 2
198 10
199 3
200 5
201 6
202 9
203 7
204 3
205 6
206 2
207 4
208 10
209 8
210 4
211 8
212 6
213 1
214 3
215 2
216 9
217 8
218 2
219 6
220 6
221 9
222 6
223 7
224 8
225 10
226 5
227 2
228 7
229 2
230 3
231 1
232 5
233 5
234 6
235 10
236 8
237 6
238 4
239 10
240 1
241 6
242 6
243 7
244 4
245 3
246 7
247 9
248 10
249 2
94 138 9
247 151 10
203 231 2
14 169 6
9 180 10
223 54 1
237 45 8
25 200 7
64 97 9
204 50 1
226 162 5
47 4 2
248 65 9
199 209 10
53 233 8
107 23 3
55 176 4
224 130 7
150 194 1
35 16 9
155 133 8
76 178 7
107 211 9
114 69 8
133 91 1
12 133 8
31 88 10
123 127 5
108 200 5
210 165 8
205 46 8
238 0 7
35 107 4
114 93 1
104 168 8
85 229 6
63 102 8
143 169 8
247 19 6
53 223 4
248 135 9
209 156 1
74 132 4
103 147 1
200 231 1
203 150 1
33 8 4
176 200 5
30 129 3
74 49 3
249 21 1
129 233 1
40 223 1
221 229 9
246 49 1
121 26 5
244 208 7
21 64 1
98 1 1
3 51 2
205 80 9
24 149 4
70 25 3
33 38 8
8 50 5
195 7 2
190 166 1
93 53 6
210 242 4
102 57 2
160 200 10
127 171 8
164 125 2
17 98 3
65 224 6
123 220 2
239 54 6
179 3 10
166 106 5
110 148 3
220 116 1
117 102 10
198 151 2
116 141 2
228 171 2
45 120 1
158 203 8
100 211 4
94 33 8
77 45 2
192 16 7
15 174 2
97 161 4
74 108 7
31 15 1
216 155 4
31 220 2
169 115 8
36 228 6
134 167 10
226 46 7
166 217 1
134 241 1
8 211 5
18 218 5
75 17 10
68 14 6
168 28 10
34 227 1
4 40 7
185 83 9
115 11 3
64 126 8
175 245 1
165 192 1
247 37 10
197 215 4
79 129 5
229 1 6
39 208 4
50 89 1
217 96 9
43 88 7
71 219 7
247 38 10
237 35 6
162 184 10
34 234 8
19 115 6
226 161 6
69 131 4
198 48 10
4 3 10
15 141 8
174 115 2
204 106 1
203 82 3
141 154 8
217 150 10
215 247 3
129 67 7
48 12 10
153 157 2
2 216 2
57 246 6
180 244 6
221 62 4
177 232 5
41 198 3
106 70 4
189 164 10
16 85 2
43 2 7
219 150 1
123 169 6
193 61 2
242 66 10
221 139 1
86 141 8
83 78 8
160 183 7
239 91 5
211 154 7
141 40 3
114 140 5
63 191 8
179 34 8
120 61 2
165 52 3
82 104 10
97 127 3
10 69 1
127 191 7
220 49 3
9 206 1
152 48 5
44 168 1
101 45 2
231 1 6
211 57 1
178 55 4
137 169 7
3 171 6
18 50 10
12 54 4
143 139 1
235 165 5
244 213 9
152 92 7
214 170 1
200 118 2
97 196 8
1 234 9
71 198 6
3 121 10
43 219 2
70 14 10
130 160 1
113 92 9
132 44 9
143 75 1
0 96 8
120 87 4
233 102 2
74 150 1
28 107 4
248 14 6
162 9 1
99 218 1
55 243 6
135 34 6
71 151 7
1 209 4
214 187 10
198 100 8
35 128 5
92 165 1
67 140 8
66 228 3
113 219 1
123 28 4
11 10 1
228 0 5
7 156 2
36 181 5
239 26 5
2 108 5
204 19 9
171 120 4
197 24 4
104 8 2
52 38 4
109 19 10
106 211 8
103 149 9
244 130 7
33 24 7
159 67 5
189 184 2
49 16 8
110 89 8
23 81 6
186 124 6
231 222 9
48 70 8
47 89 7
90 111 3
213 112 2
201 230 2
213 128 1
100 209 5
242 194 1
132 59 8
29 132 3
133 81 4
122 21 7
68 91 1
196 120 5
99 129 5
175 120 7
99 80 9
38 202 9
50 162 1
149 135 4
15 159 9
209 61 3
48 54 1
131 20 9
1 44 10
95 219 1
172 173 6
219 100 2
243 96 10
170 144 1
142 64 5
111 19 1
62 161 6
184 199 1
72 10 4
178 122 2
116 218 4
222 139 8
43 114 9
206 21 2
105 86 10
228 120 3
62 116 8
196 101 3
61 23 7
105 107 4
116 53 3
175 40 4
7 233 6
139 1 9
194 160 9
179 125 9
42 133 3
26 236 7
123 214 5
192 119 3
78 109 3
145 216 8
172 248 1
120 148 3
45 178 1
143 192 4
33 22 2
9 221 7
13 19 2
107 69 7
106 66 5
4 64 6
37 216 8
127 10 3
191 231 5
213 127 5
34 83 1
27 249 10
109 144 5
201 62 10
134 157 4
100 9 1
3 141 2
225 3 10
96 53 2
108 241 4
170 18 8
26 222 10
141 204 2
92 195 1
224 212 7
67 76 4
94 71 10
35 129 9
98 228 8
223 88 9
179 176 9
56 199 6
79 26 9
146 69 5
137 166 9
241 183 9
120 248 2
151 18 8
196 161 9
228 63 6
6 58 9
179 119 4
177 142 4
228 103 6
21 225 5
212 32 10
31 35 9
218 110 5
20 28 6
45 29 6
77 187 4
37 16 5
83 175 5
55 156 10
164 93 7
133 174 8
194 80 8
165 160 3
55 64 3
241 85 2
56 10 1
162 153 1
85 200 6
217 234 9
200 186 1
245 199 3
178 183 8
136 52 10
78 225 10
222 95 6
69 191 2
24 14 3
206 33 7
169 51 1
144 125 9
212 131 7
220 58 5
197 8 2
147 0 5
146 249 6
33 212 10
4 71 7
36 10 3
173 243 6
238 71 9
71 141 4
60 207 3
243 25 9
163 165 7
141 97 10
82 134 9
143 129 7
54 57 8
203 171 8
34 199 7
9 188 1
183 186 7
185 24 3
113 181 3
1 202 6
36 204 9
230 31 1
95 214 3
136 187 10
185 169 2
110 158 10
189 117 10
16 249 1
15 77 3
142 230 2
135 30 6
186 244 6
102 233 1
206 84 8
131 31 9
55 242 1
151 201 3
194 135 6
122 193 3
13 191 2
29 18 1
229 205 3
114 32 4
195 78 5
105 211 2
110 154 2
116 11 5
155 122 4
193 136 9
244 188 4
139 2 4
70 219 3
67 182 3
97 109 4
90 69 1
161 15 9
42 45 1
62 8 4
99 209 4
50 201 6
2 117 4
49 166 5
119 192 4
15 79 8
132 14 3
154 26 8
5 9 3
136 172 10
36 49 10
198 140 4
186 193 8
85 198 8
67 31 7
211 63 5
133 82 3
11 41 2
142 233 4
30 130 5
165 137 1
181 58 7
183 40 10
186 62 9
4 26 7
212 95 2
177 91 9
54 20 8
227 201 3
82 187 5
57 155 8
193 8 10
93 197 2
215 207 6
117 162 5
184 209 10
216 240 2
96 172 4
115 49 2
149 231 7
123 196 5
0 238 2
109 185 6
51 137 8
198 120 5
144 25 4
239 36 6
143 7 3
11 78 5
202 31 1
186 130 4
117 148 5
67 249 6
23 113 7
180 98 10
207 64 6
189 57 6
27 114 6
58 147 10
245 29 7
116 148 6
162 18 4
79 203 4
223 59 2
174 34 6
202 186 10
165 0 4
100 242 9
83 231 8
208 206 9
56 17 5
160 220 9
117 196 5
156 163 8
148 234 7
8 12 4
30 224 5
113 73 3
229 127 10
147 131 4
133 239 1
194 97 5
121 208 1
198 18 2
17 142 4
80 106 1
94 118 1
213 149 5
175 121 2
150 217 1
154 25 2
244 142 5
220 46 8
121 65 10
221 115 1
110 25 10
194 73 5
224 164 5
173 125 8
107 127 3
74 172 10
39 183 8
30 140 7
146 12 6
188 16 2
184 227 9
210 222 8
135 81 7
194 30 6
8 169 3
193 62 7
128 93 7
233 231 7
142 61 10
127 124 3
240 52 6
180 42 2
52 223 8
167 126 6
11 239 10
7 219 1
126 75 2
77 159 8
193 225 10
72 98 4
129 218 8
174 181 8
156 0 3
101 180 9
77 49 5
127 152 10
77 170 2
224 84 1
15 219 8
195 145 5
100 118 8
223 117 5
68 87 6
163 122 8
216 82 3
212 8 1
55 170 7
201 219 1
212 67 6
2 144 6
110 81 4
101 97 2
110 49 8
234 248 4
88 21 3
209 6 6
202 223 10
69 244 7
107 142 1
196 151 6
244 6 5
167 25 6
116 114 2
41 190 7
59 147 8
59 63 3
85 149 10
220 142 9
53 26 7
83 47 4
153 8 5
16 53 1
81 186 6
169 175 9
185 149 2
114 10 7
122 53 4
25 81 6
162 48 6
202 220 2
150 13 8
169 120 2
209 82 10
246 29 2
156 180 2
170 112 2
45 170 5
157 93 6
58 111 7
173 128 7
30 52 7
129 210 3
201 22 2
187 129 9
37 36 3
228 123 9
74 9 7
123 12 4
96 129 6
174 222 2
157 221 10
