100
256
0 8
1 10
2 4
3 9
4 1
5 3
6 5
7 9
8 4
9 10
10 1
11 6
12 3
13 3
14 8
15 4
16 8
17 10
18 1
19 3
20 4
21 10
22 10
23 8
24 1
25 4
26 10
27 9
28 7
29 6
30 8
31 7
32 3
33 8
34 1
35 4
36 10
37 10
38 10
39 2
40 8
41 3
42 4
43 7
44 6
45 6
46 9
47 2
48 5
49 8
50 2
51 4
52 9
53 5
54 9
55 1
56 5
57 7
58 1
59 4
60 3
61 7
62 10
63 5
64 2
65 4
66 8
67 9
68 9
69 4
70 9
71 2
72 6
73 4
74 6
75 5
76 4
77 7
78 6
79 10
80 6
81 5
82 10
83 2
84 8
85 6
86 6
87 5
88 2
89 9
90 9
91 4
92 6
93 3
94 3
95 7
96 7
97 8
98 9
99 5
1 97 2
28 37 9
77 97 5
4 9 2
45 75 6
98 42 10
68 12 1
57 94 9
95 68 4
30 6 3
42 65 3
52 67 2
95 12 2
1 90 2
38 57 7
90 40 10
35 6 3
98 95 10
54 23 10
60 5 7
23 6 4
70 38 5
20 44 7
34 26 5
63 38 5
90 50 10
23 47 6
17 72 10
47 85 7
85 23 1
44 68 6
15 25 5
42 11 10
52 44 6
18 96 3
15 91 4
69 97 4
47 25 1
62 11 9
77 61 6
35 68 6
76 67 10
74 31 7
1 72 1
94 84 6
89 7 6
93 69 1
6 63 3
76 8 10
31 44 9
8 97 2
49 3 2
31 14 10
75 9 1
29 23 5
60 37 6
17 25 1
56 64 8
48 4 1
50 76 3
54 97 5
81 48 6
78 99 10
29 53 4
47 7 4
22 5 7
53 24 1
66 0 5
70 85 7
98 55 4
57 76 9
66 57 2
78 14 10
37 33 2
20 62 4
97 31 9
89 73 8
4 58 1
54 60 6
47 80 1
55 46 8
38 0 7
35 57 4
14 93 1
54 18 8
85 29 6
63 2 8
43 19 8
47 69 6
3 73 4
48 85 9
59 6 1
24 32 4
3 97 1
50 31 1
3 0 1
33 58 4
76 50 5
80 79 3
74 49 3
49 71 1
79 83 1
40 23 1
71 29 9
46 99 1
21 76 5
44 58 7
71 64 1
98 51 1
3 51 2
5 80 9
13 20 6
12 83 9
17 8 1
24 95 8
11 90 7
10 93 4
65 60 3
3 52 8
41 10 1
99 27 2
87 14 6
41 17 9
42 15 5
45 73 1
11 39 5
5 29 4
89 66 7
4 60 9
92 20 7
80 67 3
39 98 2
11 16 2
71 28 2
61 45 1
40 58 4
27 50 2
63 94 4
95 31 3
16 6 6
24 1 8
61 3 5
8 36 2
15 10 7
5 73 2
20 91 10
65 27 7
28 25 5
67 49 7
46 76 7
67 20 5
91 10 9
11 44 9
18 34 6
67 89 9
14 25 9
28 29 5
27 40 5
40 96 6
83 48 6
11 52 5
76 37 6
45 10 6
92 10 8
37 99 8
15 93 10
29 64 10
1 25 10
58 33 1
89 70 8
46 38 4
38 36 2
19 96 8
88 59 8
12 84 10
84 34 8
19 15 6
76 61 6
19 31 4
39 4 4
79 65 2
7 24 6
21 54 7
50 3 3
32 41 5
77 17 1
89 65 8
22 79 8
16 48 3
29 39 9
3 57 2
52 66 2
57 96 6
30 94 6
21 12 4
27 32 5
91 98 3
56 70 4
39 14 10
66 35 2
43 52 7
19 50 1
23 69 6
43 11 2
92 16 10
71 39 1
36 91 8
33 28 8
10 83 7
89 91 5
11 4 7
91 90 3
64 90 5
13 41 8
79 84 8
70 61 2
65 2 3
32 54 10
47 77 3
10 19 1
77 41 7
20 99 3
59 56 1
52 48 5
44 18 1
1 95 2
31 1 6
61 57 1
28 5 4
37 69 7
3 21 6
18 0 10
62 54 4
43 89 1
35 15 5
94 63 9
52 92 7
14 20 1
50 68 2
47 96 8
1 34 9
71 48 6
53 71 10
93 19 2
20 64 10
30 10 1
13 42 9
82 44 9
93 75 1
0 96 8
70 87 4
33 52 2
24 0 1
78 57 4
98 14 6
62 9 1
