75
150
0 8
1 10
2 4
3 9
4 1
5 3
6 5
7 9
8 4
9 10
10 1
11 6
12 3
13 3
14 8
15 4
16 8
17 10
18 1
19 3
20 4
21 10
22 10
23 8
24 1
25 4
26 10
27 9
28 7
29 6
30 8
31 7
32 3
33 8
34 1
35 4
36 10
37 10
38 10
39 2
40 8
41 3
42 4
43 7
44 6
45 6
46 9
47 2
48 5
49 8
50 2
51 4
52 9
53 5
54 9
55 1
56 5
57 7
58 1
59 4
60 3
61 7
62 10
63 5
64 2
65 4
66 8
67 9
68 9
69 4
70 9
71 2
72 6
73 4
74 6
64 38 7
50 44 6
19 54 2
17 20 6
29 51 9
63 23 6
7 27 7
16 12 9
69 51 8
71 53 8
8 52 8
69 54 10
56 20 6
60 23 3
49 68 3
60 7 5
58 70 9
38 55 7
12 67 6
7 52 8
21 45 3
21 26 1
6 38 8
16 65 1
4 35 7
47 73 6
23 64 1
55 51 4
56 38 1
63 19 1
44 16 5
26 69 4
40 50 10
73 72 6
67 47 10
47 60 7
10 73 1
44 68 6
15 0 5
67 11 10
27 69 6
68 71 3
15 16 4
44 22 4
22 50 1
62 36 9
52 61 6
10 68 6
51 42 10
49 6 7
1 22 1
44 34 6
39 7 6
43 44 1
55 30 7
63 52 7
58 24 2
69 38 9
47 51 10
3 56 2
64 44 6
59 30 10
73 4 1
12 45 8
0 50 7
14 72 9
54 50 1
1 62 5
72 29 2
73 15 9
74 9 10
3 58 8
57 23 3
30 51 4
49 55 7
0 69 1
60 16 9
30 33 8
26 53 7
32 61 9
39 69 8
8 41 1
37 58 8
39 48 8
4 33 1
40 72 1
21 7 9
0 1 6
57 38 5
68 35 5
43 57 6
54 40 4
27 67 4
19 42 8
44 45 4
48 3 9
10 8 10
6 5 5
57 48 4
72 70 1
6 55 4
50 70 4
8 53 7
25 34 1
4 32 5
49 67 10
71 60 10
15 73 1
46 54 9
21 74 1
46 26 5
69 8 7
21 39 1
23 51 1
53 51 2
5 30 9
63 20 6
62 33 9
17 58 1
24 45 8
61 15 7
35 68 4
65 35 3
53 2 8
66 35 1
74 27 2
12 14 6
41 42 9
17 15 5
20 23 1
61 14 5
55 4 4
14 16 7
48 67 1
66 55 8
27 64 9
51 36 7
41 46 9
21 11 6
45 40 9
3 2 1
61 38 5
58 52 8
20 56 3
41 56 6
24 26 8
61 28 5
33 61 2
65 10 7
5 48 2
