500
1024
0 8
1 10
2 4
3 9
4 1
5 3
6 5
7 9
8 4
9 10
10 1
11 6
12 3
13 3
14 8
15 4
16 8
17 10
18 1
19 3
20 4
21 10
22 10
23 8
24 1
25 4
26 10
27 9
28 7
29 6
30 8
31 7
32 3
33 8
34 1
35 4
36 10
37 10
38 10
39 2
40 8
41 3
42 4
43 7
44 6
45 6
46 9
47 2
48 5
49 8
50 2
51 4
52 9
53 5
54 9
55 1
56 5
57 7
58 1
59 4
60 3
61 7
62 10
63 5
64 2
65 4
66 8
67 9
68 9
69 4
70 9
71 2
72 6
73 4
74 6
75 5
76 4
77 7
78 6
79 10
80 6
81 5
82 10
83 2
84 8
85 6
86 6
87 5
88 2
89 9
90 9
91 4
92 6
93 3
94 3
95 7
96 7
97 8
98 9
99 5
100 2
101 8
102 2
103 9
104 8
105 9
106 8
107 8
108 5
109 5
110 10
111 2
112 6
113 6
114 6
115 9
116 3
117 10
118 9
119 3
120 1
121 8
122 5
123 9
124 6
125 9
126 4
127 1
128 7
129 3
130 3
131 6
132 3
133 3
134 8
135 2
136 6
137 3
138 2
139 2
140 1
141 2
142 9
143 8
144 7
145 1
146 1
147 10
148 6
149 7
150 3
151 9
152 6
153 10
154 5
155 4
156 10
157 1
158 6
159 7
160 4
161 7
162 4
163 1
164 9
165 5
166 1
167 5
168 7
169 5
170 7
171 5
172 4
173 9
174 5
175 1
176 1
177 10
178 4
179 8
180 6
181 8
182 3
183 10
184 8
185 6
186 7
187 6
188 4
189 1
190 5
191 9
192 6
193 6
194 6
195 5
196 3
197 2
198 10
199 3
200 5
201 6
202 9
203 7
204 3
205 6
206 2
207 4
208 10
209 8
210 4
211 8
212 6
213 1
214 3
215 2
216 9
217 8
218 2
219 6
220 6
221 9
222 6
223 7
224 8
225 10
226 5
227 2
228 7
229 2
230 3
231 1
232 5
233 5
234 6
235 10
236 8
237 6
238 4
239 10
240 1
241 6
242 6
243 7
244 4
245 3
246 7
247 9
248 10
249 2
250 5
251 9
252 9
253 8
254 2
255 10
256 4
257 2
258 2
259 5
260 10
261 6
262 10
263 1
264 10
265 4
266 5
267 1
268 8
269 6
270 8
271 6
272 1
273 7
274 5
275 8
276 9
277 5
278 1
279 1
280 7
281 3
282 5
283 8
284 5
285 2
286 9
287 6
288 9
289 10
290 10
291 10
292 4
293 4
294 8
295 8
296 4
297 3
298 6
299 7
300 4
301 5
302 1
303 7
304 1
305 5
306 1
307 6
308 7
309 9
310 6
311 4
312 8
313 7
314 9
315 7
316 8
317 2
318 9
319 5
320 10
321 8
322 4
323 2
324 1
325 3
326 4
327 8
328 2
329 9
330 10
331 4
332 8
333 5
334 9
335 1
336 5
337 1
338 6
339 8
340 1
341 1
342 6
343 7
344 8
345 9
346 1
347 7
348 6
349 8
350 4
351 5
352 4
353 1
354 5
355 9
356 8
357 6
358 10
359 6
360 4
361 3
362 8
363 4
364 10
365 8
366 8
367 10
368 6
369 4
370 4
371 4
372 9
373 6
374 9
375 10
376 7
377 1
378 5
379 3
380 4
381 4
382 8
383 1
384 1
385 2
386 1
387 4
388 1
389 1
390 4
391 9
392 4
393 7
394 1
395 5
396 1
397 10
398 3
399 5
400 10
401 3
402 10
403 2
404 1
405 10
406 4
407 1
408 1
409 4
410 1
411 2
412 10
413 9
414 7
415 10
416 1
417 2
418 7
419 5
420 5
421 9
422 7
423 2
424 5
425 1
426 9
427 2
428 1
429 4
430 2
431 2
432 6
433 1
434 9
435 5
436 10
437 4
438 1
439 6
440 3
441 4
442 9
443 8
444 9
445 1
446 5
447 6
448 8
449 2
450 1
451 7
452 1
453 4
454 4
455 6
456 1
457 3
458 4
459 3
460 8
461 2
462 1
463 1
464 10
465 8
466 2
467 8
468 5
469 6
470 2
471 8
472 9
473 3
474 6
475 5
476 6
477 4
478 1
479 2
480 10
481 5
482 6
483 10
484 4
485 10
486 7
487 7
488 5
489 1
490 9
491 3
492 1
493 7
494 1
495 8
496 3
497 10
498 9
499 2
311 116 2
171 228 2
161 45 1
240 158 4
127 350 2
63 94 4
227 327 6
31 442 7
6 15 5
101 97 2
103 324 9
436 281 6
210 216 6
473 281 1
291 169 6
327 36 9
125 384 8
449 476 7
76 166 8
20 384 2
210 258 2
244 18 9
434 325 8
189 318 5
325 418 9
29 34 8
240 254 1
396 435 4
48 365 2
252 64 7
237 175 6
210 415 3
210 247 8
299 447 6
193 79 10
164 479 2
25 289 9
33 300 10
170 217 7
38 43 9
436 321 10
496 247 9
359 487 6
235 412 5
489 284 5
167 19 6
45 476 2
325 319 2
403 198 9
139 4 4
179 265 2
107 424 6
121 454 7
450 203 3
32 141 5
477 217 1
289 465 8
122 379 8
16 48 3
29 39 9
403 157 2
252 466 2
57 496 6
430 494 6
221 312 4
427 232 5
291 198 3
356 70 4
439 414 10
266 335 2
43 252 7
219 150 1
123 169 6
443 311 2
492 316 10
471 139 1
336 391 8
333 328 8
410 183 7
489 91 5
211 404 7
391 290 3
364 390 5
313 441 8
179 284 8
370 61 2
165 302 3
332 354 10
347 377 3
10 319 1
377 441 7
220 299 3
259 456 1
152 48 5
44 418 1
101 295 2
231 1 6
461 57 1
428 305 4
137 169 7
3 421 6
18 300 10
262 54 4
143 389 1
235 415 5
494 463 9
152 92 7
214 420 1
450 368 2
347 196 8
1 234 9
71 448 6
253 371 10
293 219 2
320 264 10
130 410 1
113 342 9
382 44 9
393 75 1
0 96 8
370 87 4
233 352 2
324 400 1
278 357 4
498 14 6
162 9 1
349 218 1
55 243 6
385 34 6
321 151 7
251 459 4
214 437 10
198 100 8
285 378 5
342 415 1
67 140 8
66 228 3
363 469 1
123 278 4
261 10 1
478 0 5
7 156 2
286 431 5
239 276 5
252 108 5
454 19 9
171 370 4
447 24 4
354 8 2
52 288 4
359 19 10
356 461 8
353 399 9
244 380 7
283 274 7
409 67 5
439 184 2
49 266 8
110 89 8
273 81 6
436 374 6
231 472 9
298 70 8
297 89 7
90 111 3
463 112 2
451 230 2
213 128 1
100 459 5
492 194 1
132 59 8
279 132 3
383 81 4
122 21 7
318 91 1
196 120 5
99 129 5
175 370 7
99 80 9
288 452 9
300 162 1
149 385 4
15 159 9
459 61 3
48 54 1
381 270 9
251 44 10
95 469 1
172 423 6
219 350 2
243 346 10
170 394 1
392 64 5
361 19 1
62 161 6
434 449 1
322 260 4
428 122 2
366 468 4
222 139 8
293 364 9
456 271 2
355 336 10
228 120 3
312 116 8
446 351 3
311 23 7
105 107 4
366 53 3
425 40 4
257 233 6
139 251 9
194 160 9
429 375 9
292 133 3
276 236 7
373 464 5
192 119 3
328 359 3
145 216 8
172 248 1
370 398 3
45 428 1
143 192 4
283 272 2
9 221 7
13 269 2
357 319 7
356 316 5
254 314 6
37 466 8
377 260 3
191 231 5
463 377 5
284 333 1
27 499 10
109 144 5
451 312 10
134 407 4
100 259 1
253 391 2
225 253 10
96 53 2
358 491 4
420 268 8
26 472 10
141 204 2
92 445 1
474 462 7
317 326 4
344 71 10
35 129 9
348 478 8
223 338 9
429 426 9
306 199 6
329 276 9
396 319 5
137 416 9
491 183 9
120 248 2
151 18 8
446 161 9
228 63 6
6 308 9
179 119 4
177 392 4
478 353 6
271 475 5
462 32 10
31 35 9
468 110 5
270 278 6
45 279 6
327 187 4
37 266 5
83 175 5
55 156 10
164 93 7
133 424 8
194 330 8
165 410 3
305 314 3
241 85 2
306 260 1
412 403 1
85 200 6
467 484 9
200 186 1
495 199 3
428 183 8
136 302 10
78 225 10
222 95 6
319 191 2
274 14 3
206 283 7
419 301 1
144 375 9
462 131 7
220 308 5
447 8 2
397 0 5
396 499 6
33 462 10
254 321 7
36 10 3
173 493 6
488 71 9
321 391 4
60 457 3
243 275 9
413 415 7
391 347 10
332 134 9
143 379 7
54 307 8
203 421 8
34 449 7
259 438 1
183 186 7
185 24 3
363 181 3
251 202 6
36 454 9
480 31 1
95 214 3
136 437 10
185 419 2
110 408 10
439 367 10
266 499 1
15 77 3
142 480 2
385 30 6
436 494 6
102 233 1
456 334 8
381 281 9
305 492 1
151 201 3
444 135 6
372 443 3
13 441 2
279 18 1
229 455 3
364 32 4
195 328 5
355 211 2
110 404 2
116 261 5
405 122 4
443 136 9
494 188 4
139 2 4
70 219 3
317 432 3
97 359 4
90 319 1
411 15 9
42 45 1
62 8 4
99 209 4
50 451 6
2 117 4
299 416 5
369 442 4
15 329 8
382 264 3
154 26 8
255 259 3
386 422 10
286 49 10
198 390 4
186 443 8
85 198 8
317 31 7
461 63 5
383 332 3
11 291 2
142 233 4
30 380 5
415 387 1
181 58 7
433 40 10
436 62 9
254 26 7
212 95 2
177 341 9
54 20 8
227 451 3
332 437 5
57 405 8
443 258 10
343 197 2
465 457 6
117 412 5
184 459 10
216 240 2
346 422 4
115 49 2
149 231 7
123 196 5
250 238 2
359 435 6
301 387 8
448 120 5
394 275 4
489 286 6
143 257 3
261 78 5
202 31 1
186 130 4
367 148 5
317 249 6
273 363 7
180 348 10
457 314 6
189 307 6
27 114 6
308 397 10
495 29 7
366 398 6
162 18 4
79 203 4
223 59 2
174 34 6
202 436 10
415 250 4
350 492 9
83 481 8
208 206 9
306 267 5
410 470 9
117 446 5
156 163 8
398 234 7
8 12 4
280 224 5
113 73 3
479 377 10
147 131 4
133 239 1
194 97 5
371 458 1
448 18 2
17 392 4
80 356 1
94 368 1
463 149 5
425 371 2
150 217 1
154 25 2
494 392 5
470 46 8
121 65 10
471 365 1
110 275 10
194 323 5
474 414 5
423 375 8
357 127 3
74 172 10
39 183 8
30 390 7
396 12 6
438 16 2
184 227 9
460 472 8
135 81 7
194 30 6
258 419 3
443 312 7
128 93 7
233 481 7
392 61 10
377 124 3
240 52 6
180 292 2
52 473 8
417 126 6
261 239 10
7 219 1
376 325 2
327 159 8
193 225 10
322 348 4
379 468 8
424 431 8
406 0 3
101 430 9
77 49 5
127 152 10
77 170 2
224 84 1
15 219 8
195 395 5
100 118 8
223 117 5
68 87 6
413 122 8
216 82 3
462 8 1
305 170 7
201 219 1
462 317 6
252 394 6
110 331 4
351 347 2
110 49 8
234 248 4
88 271 3
459 256 6
202 223 10
319 494 7
107 392 1
446 401 6
244 256 5
417 275 6
366 364 2
291 440 7
59 397 8
309 63 3
85 399 10
220 392 9
53 276 7
333 297 4
403 8 5
266 303 1
81 186 6
169 425 9
185 399 2
114 260 7
372 53 4
275 81 6
162 48 6
452 470 2
400 263 8
419 370 2
459 82 10
496 29 2
156 430 2
420 362 2
45 170 5
157 93 6
308 361 7
173 378 7
30 52 7
379 210 3
451 272 2
187 379 9
37 36 3
478 123 9
74 9 7
123 262 4
346 379 6
174 222 2
157 471 10
194 27 7
36 216 8
313 84 8
360 57 1
236 13 4
475 410 3
266 306 9
7 173 8
396 55 5
466 408 4
61 57 2
76 114 5
289 235 10
138 194 1
427 343 3
455 121 2
80 112 10
190 483 6
438 434 9
264 481 1
50 118 6
98 274 8
342 88 1
282 305 5
220 46 4
120 350 6
362 342 1
438 142 6
235 177 5
267 374 1
390 196 7
381 43 3
355 138 6
120 375 7
197 305 8
95 283 6
176 383 3
327 151 10
305 451 8
6 290 6
396 161 2
225 106 10
470 24 8
122 53 4
280 3 4
434 82 8
63 41 8
329 187 7
451 94 3
154 6 10
217 483 10
413 192 10
144 68 4
429 365 6
387 440 8
197 179 9
363 400 10
447 1 9
205 320 5
72 76 1
319 469 9
129 152 3
58 107 2
62 216 10
245 48 6
208 313 8
105 114 5
335 470 4
479 458 10
59 445 4
248 244 8
237 491 3
498 277 5
382 56 6
133 210 3
170 270 4
353 328 9
373 82 2
300 405 6
121 384 5
347 328 9
285 308 9
274 423 2
372 424 6
389 356 5
498 247 6
467 383 7
443 336 8
146 362 8
442 96 4
294 288 5
155 187 4
217 65 4
256 438 2
487 190 1
332 26 10
207 414 8
425 138 7
45 357 6
307 379 2
141 459 2
465 325 5
393 64 4
429 1 3
440 53 10
232 280 10
474 40 7
89 204 9
468 486 7
162 374 9
321 27 6
227 341 10
158 435 6
332 272 10
194 303 5
131 16 5
183 474 4
411 44 9
259 305 3
292 172 6
229 13 4
480 9 6
184 49 2
209 383 9
285 307 1
80 489 4
233 66 6
200 85 3
174 391 4
393 303 9
363 261 2
177 89 8
329 212 10
360 31 6
211 13 7
50 304 4
388 222 1
316 365 8
372 112 1
76 400 2
118 475 10
443 263 2
58 82 8
152 51 2
395 117 10
127 491 7
460 456 3
1 239 2
384 470 4
170 308 6
120 357 6
297 379 10
202 283 8
419 469 8
329 299 9
218 305 6
337 315 10
24 415 7
472 496 1
278 279 2
324 445 1
77 58 5
115 108 2
108 445 3
95 211 1
160 282 1
282 110 2
360 135 1
184 6 6
208 277 5
49 493 5
416 124 2
61 485 9
203 7 3
13 295 2
183 198 8
300 356 10
301 499 1
174 295 9
191 147 2
293 20 9
415 476 5
53 264 8
295 19 4
306 5 2
378 349 1
209 387 3
474 484 1
53 411 9
164 438 9
107 162 9
316 175 8
492 377 10
290 360 2
27 21 10
240 364 8
136 5 2
184 155 6
159 39 10
399 172 5
490 466 3
222 21 1
334 447 4
417 101 6
248 274 3
388 265 9
2 310 10
310 437 3
236 348 9
250 433 10
37 132 5
93 10 2
405 458 8
53 74 5
407 302 5
369 439 5
87 95 9
67 313 8
60 253 1
383 456 9
226 400 3
437 199 2
396 417 2
388 471 4
107 420 3
193 52 10
13 328 4
198 417 1
488 46 4
365 188 2
266 443 9
4 167 8
122 46 2
203 120 8
464 451 6
229 342 7
188 150 6
302 173 6
397 115 3
388 386 9
217 122 4
326 196 2
79 384 3
390 97 9
311 343 5
452 425 9
72 387 8
15 327 2
282 477 5
228 313 6
401 239 4
323 464 2
458 459 4
248 27 3
133 8 2
121 399 10
230 381 7
213 7 5
398 469 6
180 147 8
475 288 7
364 247 7
38 127 3
331 79 8
146 227 1
238 441 3
2 465 10
11 408 3
343 373 1
336 2 5
470 401 8
40 108 6
205 287 5
401 165 10
159 457 1
43 382 3
403 239 5
261 104 3
27 284 5
356 414 8
448 108 5
487 335 3
136 257 6
64 454 9
233 123 1
244 370 3
304 285 10
164 155 7
179 410 1
90 1 5
349 467 3
210 4 4
160 464 9
427 101 1
485 69 4
355 268 9
427 369 5
421 237 8
320 289 3
242 183 3
41 152 8
487 288 8
33 332 2
3 232 8
250 485 1
19 23 6
74 217 9
293 200 5
291 357 10
45 293 3
79 469 9
330 498 10
157 190 9
308 426 3
152 117 4
111 441 2
207 268 4
301 422 8
258 478 7
194 163 4
410 84 4
287 232 10
307 262 5
148 135 1
198 94 7
50 134 6
68 91 10
371 69 2
396 410 4
92 11 9
400 12 10
39 69 2
414 364 5
111 144 2
127 441 10
397 495 7
291 411 9
382 453 9
123 3 1
308 373 8
180 399 4
249 143 9
446 75 6
281 276 1
335 128 9
197 162 2
247 337 5
195 130 8
356 325 4
166 15 1
142 75 4
365 12 10
380 473 8
56 223 4
6 452 7
362 438 2
266 294 10
182 396 10
296 144 6
265 158 4
403 404 7
455 450 6
127 463 3
211 284 8
116 277 2
290 183 1
499 290 3
311 336 3
160 269 5
278 66 8
399 350 10
298 143 9
176 1 7
488 220 2
249 211 8
344 476 7
78 256 7
162 139 10
479 487 7
100 106 2
356 398 7
370 133 2
90 384 9
127 94 7
97 89 6
227 468 1
464 40 9
210 383 4
331 123 7
214 312 10
252 162 2
435 235 2
424 70 7
93 128 7
333 199 4
126 188 2
489 419 2
415 423 9
452 268 2
389 1 4
493 420 4
42 26 1
456 432 7
392 464 3
406 90 10
302 134 6
492 432 5
269 43 8
427 295 5
293 166 5
484 58 2
166 370 3
92 154 10
45 47 3
280 296 8
246 40 7
400 143 2
414 275 8
302 392 2
368 275 8
298 432 8
266 86 3
4 460 10
115 395 6
281 63 9
64 78 6
4 115 7
86 240 4
408 50 10
420 97 10
18 317 8
30 221 2
71 28 3
99 452 7
249 76 5
148 187 4
14 157 10
210 276 1
16 170 3
55 442 7
414 86 10
283 87 8
231 159 6
199 219 2
269 203 4
96 441 9
148 237 7
21 428 5
63 327 8
198 431 1
390 330 4
117 129 8
183 39 5
433 146 10
131 371 6
36 479 7
84 376 5
384 385 8
45 249 1
486 308 4
412 27 1
142 185 2
349 354 9
260 96 10
173 298 6
448 119 8
